c=
  44  18  60  27 -79 -51  92 -78 -69 -35  26 -56 -10 -55   0   0   0   0   0   0 

A=
  15 -36  30 -54  39 -92  54 -76  75  30  54 -36 -18  79   0   0   0   0   0   0 
 -41 -38  90  74  56  37  32  92  32  35  57  64  98 -51   0   0   0   0   0   0 
 -48  38 -18  20  89  15  56 -64 -78  35  65  55 -87 -23   0   0   0   0   0   0 
 -65  36  77  49  74  68  56 -91  37  78   9  63 -36 -63   0   0   0   0   0   0 
 100  93  50  86  50  81  67  52  52  87  61  72  68  97   1   0   0   0   0   0 
 -23 -27 -69  40 -93  48 -11 -51  64 -82   0  47  65  97   0   1   0   0   0   0 
  90  18  51 -78   2  98 -11  74  -1  -7  45  70  88   1   0   0   1   0   0   0 
  -3  95 -57 -18 -33 100 -18  85  84 -17  42  29 -52  74   0   0   0   1   0   0 
  47  24 -19  89 -74  77  13  60  83  66 -17 -24  -3  58   0   0   0   0   1   0 
 -75  43  46  72  21 -99  97  92  82 -25  41  50  -5  57   0   0   0   0   0   1 

b=
   64  537   55  292 1017    6  441  312  381  398 
