c=
 -46  -4 -74 -35 -53 -42  65  89 -63 -19  54  44 -71  15   0   0   0   0   0   0 

A=
 -66  91   3 -55  78  90  67  -8 -73 -29 -46  83  73  -1   0   0   0   0   0   0 
 -73 -12  18 -80  48  -5  95  50 -57 -22 -80  16  22  88   0   0   0   0   0   0 
  87  27  97  61 -36  23  27 -47 -42 -79  66 -64  91 -90   0   0   0   0   0   0 
 -45  57 -27 -27  85  69  31  28  50  46   3 -10  88 -37   0   0   0   0   0   0 
  59  90  61  96  74  78  67  67  93  60  56  79  94  89   1   0   0   0   0   0 
  48  38 -66  25  -2 -68  32 -50 -70  93 -97  79 -11  59   0  -1   0   0   0   0 
  45  15 -75 -58  -6  24  95 -53 -87  67  83 -51  58 -12   0   0   1   0   0   0 
  37 -25  23  76   8 -90  23 -12  97 -33  77  17  94  35   0   0   0  -1   0   0 
   3   5  45  24 -49  -4 -52 -27  74  45 -62  -4  68 -12   0   0   0   0   1   0 
  23  50  44  42 -82 -21  -4 -16 -64  62 -11  74 -23  21   0   0   0   0   0   1 

b=
  207    8  121  311 1064    9   46  326   55   96 