c=
  -4  20  79  12 -30 -72 -43   7 -69  38  77 -17 -21 -67   0   0   0   0   0   0 

A=
 -99  34 -18  56  81  18   3  58  96  37 -61 -17 -36 -75   0   0   0   0   0   0 
 -21  43  38 -27 -73  94  22 -44  28   4 -43  31  10  93   0   0   0   0   0   0 
 -83  -9  58  71  99  -9  48   5  85 -43 -84 -54  28  51   0   0   0   0   0   0 
  25  17   4  21   0  51  23 -43  37  50  45   7  -7 -40   0   0   0   0   0   0 
 -22   5  92   1  64 -57 100  45  38 -65 -34  89  66  41   1   0   0   0   0   0 
 -99  50  33  25 -29  99  74  23 -72  85  31  45  45 -15   0   1   0   0   0   0 
  24 -24  69 -95 -56 -84  27   6  96  25  47  35  20  97   0   0   1   0   0   0 
  86  69  13  75  28  19  83  52  37  74   2  84   7  73   0   0   0   1   0   0 
  10  47  70  84   4  99  76  71  39  46  72  54   2  52   0   0   0   0   1   0 
  33  60  55  16  34  94  94   5  40  17  21  84  56  76   0   0   0   0   0   1 

b=
  77 155 163 190 364 296 188  52  80  73