c=
  62  18 -34 -88 -97 -24  19 -15  31 -13 -63  81  -3  63   0   0   0   0   0   0 

A=
 -42 -35  68  50  73  64 -44  -4  36 -45 -89  88  75 -44   0   0   0   0   0   0 
  49 -51  32  73  32 -96  33  20  61 -77  97   4 -56   3   0   0   0   0   0   0 
  21 -26 -86 -68  31   1 -10  84  13 -62  -1  10  68  96   0   0   0   0   0   0 
  49  92 -39  66 -89  -5  95  55 -24  71   7  14  23  70   0   0   0   0   0   0 
  73  61  93  96  66  99  76  53  78  55  91  68  68  54   1   0   0   0   0   0 
 -29  17 -42  94 -60  28  21  74  99  31 -15   6 -29 -15   0   1   0   0   0   0 
 -97  51 -91  41 -57  16  92  81 -35  36  72  -6  22  14   0   0   1   0   0   0 
 -76  27  17  69  80 -51   5  65 -87   6 -72  20 -78  88   0   0   0  -1   0   0 
  69  -1  44  20 -81  27  71 -41  85  91 -58   7 -41 -30   0   0   0   0   1   0 
  -5  87 -60  15  94  65  76  69  62 -20 -14  68  53  96   0   0   0   0   0  -1 

b=
  151  124   71  385 1032  181  140   12  163  585 
