c=
  -85  -18  -79 -100  -54  -14  -35  -52  -22  -43  -47  -42  -69  -86    0    0    0    0    0    0    0    0    0    0

A=
  38  33  99  28  25  10  51  77  67  22   7  64  33  44  -1   0   0   0   0   0   0   0   0   0  
  31  64  58  66  73  29  24  79  36   9  24  10  80  94   0  -1   0   0   0   0   0   0   0   0
  90  13  77  46  59  52   5  76  31  12  74  43  43  75   0   0  -1   0   0   0   0   0   0   0
  77  42   7  32  70  62  39  17  47  58  61  13  38  21   0   0   0  -1   0   0   0   0   0   0
  31   3   7  47  91  29  52  68  70  28  48   8  18  28   0   0   0   0  -1   0   0   0   0   0
  74  92  43  11  86  47  43  43  97  54  57  86  36   5   0   0   0   0   0  -1   0   0   0   0
  17  82  45  71  71  97  47  48  65  46 100  97  33   3   0   0   0   0   0   0  -1   0   0   0
   2  55  94  83  65  31  84   8  48  30  80  77  85  52   0   0   0   0   0   0   0  -1   0   0
  20  22  50   7  89  23  95  45  19   1  29  73  22  85   0   0   0   0   0   0   0   0  -1   0
  47  10  56  69  96  99  19  84   6  77  78   8  70  88   0   0   0   0   0   0   0   0   0  -1

b=
 597 676 695 583 527 773 821 793 579 806