c=
 86  78  12  76 -92 -45  22  41 -39  58  85 -79  40  64   0   0   0   0   0   0 

A=
  -21   91  -42 -100   63   63  -51   31   -8   75  -19  -76   75   36    0    0    0    0    0    0
    8   45   75   44  -20   -1  -55  -99  -66   62   70   68   -5   55    0    0    0    0    0    0 
   50   77   86  -22    5   51   67  -67   43  -21  -16   21   -7  -88    0    0    0    0    0    0 
  -87   79  -57   51  -64   92   48   20   52   35   77  -16  -72   49    0    0    0    0    0    0 
   58   63   65   89   89   98   98   70   93   89   72   58   70   57    1    0    0    0    0    0 
  -36   13   69   83  -80   22  -22    4  -32   16   -7   21  -84   90    0    1    0    0    0    0 
  -31  -61   48  -74  -70  -43  -45   65   87   89  -64   14   70   31    0    0   -1    0    0    0 
    0   36   63   -7  -97   20   70   52  -63   54  -17  -96   74   18    0    0    0    1    0    0 
  -75   37   18   49   52  -34   20  -56   59   36   40  -56  -24  -44    0    0    0    0   -1    0 
   89    4  -75   40  -45   41  -76   39  100   78   -7   94 -100  -54    0    0    0    0    0   -1

b=
  117  181  179  207 1070   58   15  108   21  127 