c=
 -5 -49  -9 -53 -26 -42 -26 -41 -58 -95 -88  -4 -15 -44   0   0   0   0   0   0   0   0   0   0 

A=
  96  73  35  51  11  80  78   3  35  67 100  40  13  73  -1   0   0   0   0   0   0   0   0   0 
  29  47  12  22  18  29  30  75  76  47   2  24  77  75   0  -1   0   0   0   0   0   0   0   0 
  96  35  29  12   3  17  60  31  42  16  99  93  30  33   0   0  -1   0   0   0   0   0   0   0 
  33  56  43  54  41   1  85  20  99  36  15   9  15   8   0   0   0  -1   0   0   0   0   0   0 
  16  86  43  14  14  92  42  52  59  75  89  20  45  14   0   0   0   0  -1   0   0   0   0   0 
  63  70  52  74  99  86  76  78  85  14  90  86   0  72   0   0   0   0   0  -1   0   0   0   0 
  25  60  21   5  10   0  73 100  53  60  24  46  88  29   0   0   0   0   0   0  -1   0   0   0 
  59  89  16  48   1  69  34  86  47  25  89  61  37  26   0   0   0   0   0   0   0  -1   0   0 
  80  78  79  46  89  87  51  83  50  13   4  11 100  12   0   0   0   0   0   0   0   0  -1   0 
  12  78  39  15  54  98  68  98   0  37  70  28  51  26   0   0   0   0   0   0   0   0   0  -1 

b=
 754 562 595 514 660 944 593 686 782 673