c=
  65 -62  -7  66   9 -69 -36  55 -93 -39  46 -95  69  85   0   0   0   0   0   0 

A=
  54 -71 -54  52 -18  90   2  16 -77 -80  58 -23  83  -9   0   0   0   0   0   0 
 -60  86  13   9  78   2 -43  71   6  49  -9  87  89 -28   0   0   0   0   0   0 
  19  85 -12 -23 -18 -60 -82  27  42  53 -30  77 -28  33   0   0   0   0   0   0 
  44 -17   7  30 -41  77  95 -31 -57   0   3  94  41  14   0   0   0   0   0   0 
  21  62  50  -2  25  62  24   5 -80  64  91  80 -67 -68   1   0   0   0   0   0 
 -90  54  57   2   5 -84  15  61  57  84 -77 -44  -9  96   0  -1   0   0   0   0 
  38  76  24  -9  -6  49  60  88   2 -96  59 -64 -77 -83   0   0   1   0   0   0 
  98  47  54  84  56  15  84  72  24  38  80  65  94  47   0   0   0   1   0   0 
  71  72   2  10  18  10  60  51  16   0   4  12  20  31   0   0   0   0   1   0 
  77  66  31  60  35  42  32  51  18  18  50  71  82  63   0   0   0   0   0   1 

b=
  23 350  83 259 268 126  62  90   4  27 